FC6 1.40, 24, 0
FC6 1.42, 24, 0
FC6 1.46, 24, 0
FC6 1.55, 18, 0
FC6 1.57, 18, 0
FC6 1.63, 18, 0
FC6 1.65, 18, 0
FC6 1.82, 18, 0
FC6 1.84, 18, 0
FC6 0.08, 26, 0
FC4 0.40, 50, 0
FC4 0.41, 65, 0
FC4 0.11, 42, 0
FC4 0.12, 22, 0
FC4 0.28, 19, 0
FC4 0.39, 18, 0
FC4 1.26, 90, 0
FC4 1.29, 24, 0
FC4 1.30, 28, 0
FC4 0.20, 20, 0
FC4 0.21, 28, 0
FC3 -1.17, 24, 0
FC3 -1.19, 25, 0
FC3 -1.20, 29, 0
FC3 -1.13, 25, 0
FC3 -1.15, 25, 0
FC3 -1.16, 30, 0
FC3 0.13, 55, 0
FC3 0.14, 24, 0
FC3 0.15, 22, 0
FC3 0.23, 12, 0
FC3 0.24, 14, 0
FC3 0.25, 20, 0
FC3 0.26, 24, 0
FC3 0.28, 36, 0
FC3 113, 26, 0
FC2 -103, 25, 0
FC2 -104, 20, 0
FC2 0.07, 35, 0
FC2 0.23, 30, 0
FC2 -1.01, 78, 0
FC2 -1.11, 20, 0
FC2 0.09, 102, 0
FC2 0.10, 11, 0
FC2 0.19, 11, 0
FC2 1.32, 30, 0
FC2 1.33, 30, 0
FC1 003, 50, 0
FC1 004, 30, 0
FC1 005, 30, 0
FC1 006, 30, 0
FC1 007, 50, 0
FC1 029, 30, 0
FC1 030, 30, 0
FC1 031, 50, 0
FC1 027, 48, 0
FC1 1.06, 28, 0
FC1  1.07, 40, 0
FC1 1.20, 40, 0
FC1  1.22, 40, 0
FC1  2.19, 76, 0
FC1  2.26, 72, 0
