(0, 22, [43, 17, 41, 61, 62])
(1, 0, [43, 17, 41])
(136, 1, [43, 17])
(130, 2, [43, 17])
(131, 3, [43, 17])
(63, 4, [43, 17])
(32, 5, [43, 17])
(132, 6, 43)
(76, 7, 17)
(146, 8, 56)
(80, 9, [43, 17])
(77, 10, 32)
(35, 11, [43, 17])
(13, 12, [43, 17])
(121, 13, 43)
(139, 14, 39)
(119, 15, 28)
(12, 16, [43, 17, 41])
(8, 17, [43, 17, 41])
(9, 18, [43, 17, 41])
(6, 19, [43, 17])
(11, 20, [43, 17, 41])
(31, 21, [43, 17])
(30, 10, 12)
(42, 14, [43, 17])
(158, 20, 23)
(99, 8, 39)
(120, 19, 58)
(44, 17, 11)
(64, 15, 56)
(66, 21, [41, 61])
(43, 8, [43, 17])
(69, 7, 62)
(34, 15, 39)
(68, 10, 41)
(10, 14, [41, 61, 62, 12])
(101, 13, 17)
(7, 8, 41)
(20, 6, [17, 41])
(86, 11, 62)
(169, 1, 23)
(45, 5, [41, 61])
(138, 11, 10)
(133, 12, 39)
(41, 6, [61, 62, 12])
(137, 15, 20)
(168, 1, 4)
(145, 11, 0)
(46, 10, [43, 17])
(159, 15, 32)
(14, 7, 28)
(65, 15, [43, 17])
(163, 10, 15)
(92, 13, 39)
(140, 7, 23)
(40, 13, [41, 61])
(62, 7, [43, 41])
(85, 1, 28)
(87, 7, 12)
(26, 1, [41, 61])
(71, 10, [61, 62])
(113, 13, 35)
(141, 9, 39)
(114, 12, 35)
(116, 11, 35)
(115, 21, 39)
(117, 19, 56)
(104, 5, 19)
(15, 3, 12)
(112, 8, 58)
(103, 12, 10)
(70, 12, 58)
(110, 9, [41, 61])
(109, 15, [41, 61])
(164, 21, 56)
(18, 3, [41, 61, 62])
(16, 4, [41, 61])
(61, 12, [41, 61])
(5, 12, [62, 12])
(27, 19, 39)
(73, 13, 12)
(2, 21, 12)
(28, 9, 56)
(29, 2, 27)
(72, 5, 13)
(100, 11, 15)
(74, 19, 10)
(147, 1, 12)
(47, 2, [41, 61])
(49, 11, [41, 61, 12])
(51, 19, 13)
(48, 5, [62, 12, 28])
(98, 16, [61, 62, 12, 28])
(144, 4, 58)
(156, 17, 13)
(135, 0, 58)
(83, 1, [62, 11, 48, 52])
(97, 4, [62, 12, 28])
(143, 2, 14)
(75, 17, 62)
(153, 9, 44)
(54, 2, 28)
(56, 9, [62, 12])
(129, 11, [28, 11])
(93, 0, 14)
(67, 9, [28, 11, 48, 52])
(160, 19, 56)
(162, 17, 4)
(88, 0, 28)
(161, 8, 44)
(172, 0, 44)
(22, 0, [61, 62])
(128, 8, 12)
(142, 18, [61, 62])
(79, 0, [12, 11])
(78, 19, 12)
(81, 17, 12)
(165, 18, 12)
(134, 18, 31)
(154, 0, 31)
(150, 0, 59)
(207, 18, 12)
(102, 0, 0)
(82, 20, 20)
(84, 18, [28, 11, 48, 52])
(211, 8, 45)
(58, 20, [61, 62])
(57, 8, [61, 62])
(23, 21, [62, 28])
(25, 19, 61)
(60, 17, [61, 28])
(24, 18, [55, 56])
(155, 20, 44)
(167, 20, 24)
(157, 19, 44)
(199, 20, 45)
(223, 20, 44)
(170, 21, 23)
(105, 20, 58)
(107, 8, 11)
(108, 2, 39)
(106, 19, 35)
(37, 17, 58)
(36, 21, 10)
(38, 3, 23)
(151, 19, 62)
(152, 20, 12)
(39, 8, 10)
(3, 20, 56)
(4, 2, 56)
(33, 13, 43)
(111, 13, 35)
(225, 13, 39)
(96, 21, [11, 48])
(50, 20, 4)
(174, 2, 44)
(53, 8, 31)
(171, 3, 44)
(52, 2, 45)
(91, 13, 58)
(125, 2, 20)
(55, 13, 58)
(59, 13, [62, 28])
(118, 13, [11, 48])
(209, 13, 43)
(94, 13, 59)
(17, 13, 0)
(19, 21, 0)
(21, 7, 0)
(187, 13, 35)
(190, 7, 12)
(189, 2, 28)
(200, 7, 12)
(201, 3, 12)
(206, 13, 0)
(126, 13, 14)
(127, 7, 4)
(186, 7, 4)
(194, 3, 12)
(197, 3, 44)
(204, 7, 12)
(222, 7, 0)
(224, 7, 12)
(178, 7, 10)
(176, 3, 14)
(175, 2, 0)
(177, 5, 14)
(123, 5, 30)
(124, 13, 30)
(122, 21, 20)
(95, 5, 58)
(226, 3, 14)
(227, 2, 0)
(148, 7, 12)
(149, 7, 32)
(195, 3, 45)
(196, 3, 45)
(208, 3, 45)
(212, 3, 45)
(215, 3, 45)
(216, 7, 17)
(220, 3, 45)
(221, 3, 31)
(228, 3, 45)
(229, 3, 31)
(233, 3, 31)
(235, 3, 31)
(89, 3, 39)
(90, 7, 39)
(166, 3, 39)
(185, 3, 39)
(188, 3, 31)
(198, 3, 31)
(210, 22, 44)
(214, 3, 31)
(218, 7, 39)
(219, 3, 31)
(234, 22, 44)
(173, 22, 44)
(184, 22, 44)
(230, 22, 44)
(231, 22, 44)
(232, 22, 44)
(179, 22, 4)
(180, 3, 32)
(191, 7, 17)
(202, 12, 39)
(181, 16, 32)
(182, 5, 31)
(183, 14, 44)
(192, 6, 44)
(205, 10, 44)
(193, 14, 39)
(203, 16, 32)
(213, 3, 4)
(217, 22, 4)
Hard constraints -> 0
Conflicting exams -> 0
Overbooked periods -> 0
Short Periods -> 0
Period constraints -> 0
Room constraints -> 0
Soft constraints -> 23356
Two in a row -> 16146
Two in a day -> 0
Period spread -> 5080
Mixed durations -> 0
Frontload -> 480
Period penalty -> 1650
Room penalty -> 0
