(40, 21, [43, 17])
(17, 0, [43, 17])
(8, 1, [43, 17, 41])
(3, 2, [43, 17, 41, 61])
(41, 3, [43, 17])
(39, 4, [43, 17])
(26, 5, [43, 17])
(24, 6, 12)
(127, 7, 43)
(1, 8, [43, 17])
(29, 9, 12)
(143, 10, 12)
(25, 11, 56)
(4, 12, [43, 17])
(67, 13, 56)
(0, 14, 62)
(68, 15, 11)
(69, 16, 39)
(31, 17, 11)
(2, 18, 56)
(120, 19, 56)
(88, 20, 19)
(147, 19, 19)
(200, 22, 44)
(149, 13, 20)
(103, 20, 17)
(130, 22, 35)
(112, 16, 41)
(139, 18, 12)
(38, 17, 13)
(46, 19, 17)
(13, 18, [43, 17, 41])
(76, 11, [43, 17])
(77, 22, [43, 17])
(66, 15, 56)
(87, 15, [43, 17])
(107, 22, 13)
(92, 17, 35)
(128, 13, 23)
(10, 17, [43, 17, 41])
(12, 13, [43, 17, 41])
(27, 16, [43, 17, 61])
(7, 10, [43, 17, 41])
(124, 9, [43, 17])
(58, 20, [43, 41])
(37, 14, [43, 17])
(111, 6, 41)
(11, 19, [43, 41])
(110, 7, 12)
(36, 11, [41, 61])
(64, 19, 62)
(121, 10, [61, 62])
(152, 5, 56)
(63, 9, 56)
(9, 14, [41, 61, 12, 28])
(98, 7, 41)
(6, 6, [43, 17])
(134, 8, 28)
(125, 7, [17, 61])
(71, 6, [61, 62])
(122, 15, [41, 61])
(74, 14, [11, 48])
(70, 20, [61, 62, 12])
(73, 16, [62, 12, 28])
(154, 8, 14)
(57, 3, [41, 61])
(35, 9, [41, 61])
(123, 5, 62)
(62, 8, [41, 61])
(65, 5, 61)
(135, 8, [62, 12])
(5, 9, [62, 28, 11, 48, 52])
(60, 5, [41, 12, 28])
(56, 4, [41, 61])
(97, 4, 19)
(90, 8, 23)
(142, 22, 15)
(82, 12, 28)
(79, 3, 28)
(81, 5, [11, 48])
(80, 21, 11)
(180, 3, 10)
(96, 4, 58)
(93, 12, 12)
(104, 22, 45)
(153, 12, 19)
(28, 12, 44)
(106, 21, 39)
(108, 7, 58)
(34, 22, [41, 61, 62])
(145, 0, 44)
(155, 12, 0)
(141, 0, 58)
(59, 21, [41, 61, 62])
(140, 4, 11)
(126, 0, 45)
(30, 22, 56)
(166, 21, 31)
(32, 0, 19)
(45, 4, 12)
(33, 3, 12)
(144, 3, 44)
(151, 0, 31)
(133, 0, 21)
(72, 0, [41, 61])
(136, 12, 61)
(75, 12, [41, 62, 11])
(165, 0, 32)
(14, 19, 12)
(179, 11, 44)
(167, 4, 44)
(183, 13, 31)
(100, 11, 35)
(101, 19, 35)
(99, 0, 59)
(102, 13, 35)
(146, 7, 15)
(156, 0, 4)
(160, 0, 20)
(94, 11, 11)
(109, 0, 39)
(95, 3, 23)
(129, 7, 12)
(131, 11, 44)
(61, 0, [62, 12, 28])
(91, 0, 15)
(189, 1, 44)
(51, 1, [61, 62])
(55, 0, [11, 48, 52])
(54, 11, [62, 12])
(105, 13, 19)
(164, 1, 44)
(150, 13, 44)
(138, 7, 4)
(187, 13, 56)
(210, 1, 44)
(43, 1, 56)
(42, 7, 5)
(44, 13, 4)
(169, 19, 44)
(185, 7, 43)
(168, 13, 45)
(186, 17, 44)
(15, 7, 0)
(16, 3, 0)
(163, 13, 45)
(206, 1, 44)
(159, 18, 44)
(213, 1, 44)
(119, 7, 14)
(148, 1, 44)
(157, 1, 56)
(181, 1, 56)
(182, 1, 56)
(192, 1, 45)
(194, 1, 45)
(195, 1, 45)
(196, 1, 45)
(197, 1, 45)
(202, 1, 56)
(220, 1, 31)
(78, 1, 31)
(158, 1, 31)
(184, 1, 31)
(188, 1, 31)
(201, 1, 32)
(203, 1, 32)
(204, 1, 32)
(205, 1, 32)
(207, 18, 44)
(208, 18, 44)
(209, 18, 56)
(211, 18, 56)
(212, 18, 56)
(219, 18, 12)
(221, 18, 12)
(222, 18, 12)
(223, 18, 12)
(225, 18, 12)
(226, 18, 12)
(227, 18, 45)
(23, 18, [61, 62])
(52, 17, [61, 62])
(53, 13, [61, 62])
(21, 8, [11, 48])
(22, 10, [28, 11, 48])
(18, 19, [61, 28])
(48, 7, [62, 28])
(20, 6, [28, 11])
(47, 1, [12, 28])
(49, 3, [62, 11])
(19, 7, [11, 48])
(162, 13, 32)
(50, 13, 39)
(132, 19, 27)
(89, 18, 45)
(137, 18, 45)
(161, 18, 45)
(190, 18, 45)
(193, 18, 45)
(214, 18, 45)
(83, 18, 28)
(115, 17, 27)
(170, 1, 23)
(172, 8, 0)
(173, 6, 14)
(113, 13, 14)
(116, 20, 14)
(114, 10, 14)
(118, 19, 14)
(117, 6, 15)
(171, 10, 20)
(84, 20, 35)
(85, 2, 58)
(86, 15, 39)
(176, 17, 4)
(177, 18, 4)
(175, 8, 32)
(198, 1, 32)
(178, 2, 44)
(191, 2, 45)
(174, 20, 31)
(199, 8, 28)
(215, 2, 45)
(216, 20, 44)
(217, 8, 28)
(218, 15, 56)
(224, 17, 11)
Hard constraints -> 0
Conflicting exams -> 0
Overbooked periods -> 0
Short Periods -> 0
Period constraints -> 0
Room constraints -> 0
Soft constraints -> 24273
Two in a row -> 17262
Two in a day -> 0
Period spread -> 4931
Mixed durations -> 0
Frontload -> 480
Period penalty -> 1600
Room penalty -> 0
