(1, 11, 18)
(47, 9, 30)
(2, 1, 31)
(24, 2, 30)
(60, 3, 30)
(64, 4, 30)
(5, 6, 30)
(9, 0, 30)
(49, 7, 30)
(10, 8, 30)
(4, 5, 30)
(8, 10, 30)
(12, 7, 0)
(14, 10, 3)
(33, 8, 31)
(53, 4, 15)
(31, 5, 30)
(77, 7, 43)
(26, 3, 31)
(28, 5, 31)
(29, 11, 48)
(30, 2, 31)
(48, 6, 36)
(27, 10, 39)
(25, 4, 5)
(76, 6, 2)
(69, 5, 12)
(70, 8, 0)
(73, 7, 12)
(67, 10, 6)
(68, 9, 15)
(74, 0, 14)
(71, 8, 14)
(61, 10, 14)
(75, 0, 16)
(11, 4, 21)
(38, 7, 14)
(43, 6, 3)
(37, 9, 14)
(42, 10, 14)
(66, 7, 14)
(72, 6, 14)
(17, 6, 31)
(62, 10, 5)
(63, 7, 5)
(32, 11, 31)
(46, 4, 31)
(7, 9, 31)
(52, 8, 31)
(51, 2, 31)
(21, 3, 31)
(20, 5, 31)
(19, 1, 48)
(23, 4, 48)
(57, 0, 31)
(58, 10, 31)
(59, 7, 31)
(36, 3, 5)
(18, 1, 36)
(16, 5, [31, 7, 48, 15])
(45, 1, 12)
(54, 6, 31)
(15, 5, 0)
(22, 8, 16)
(50, 3, 26)
(0, 2, 0)
(41, 6, 15)
(35, 10, 36)
(65, 0, 25)
(34, 0, 0)
(55, 6, 21)
(56, 10, 21)
(39, 11, 0)
(40, 11, 33)
(3, 1, 30)
(6, 6, 5)
(13, 6, 16)
(44, 6, 14)
Hard constraints -> 1
Conflicting exams -> 0
Overbooked periods -> 0
Short Periods -> 0
Period constraints -> 1
Room constraints -> 0
Soft constraints -> 20923
Two in a row -> 17570
Two in a day -> 0
Period spread -> 2443
Mixed durations -> 0
Frontload -> 110
Period penalty -> 0
Room penalty -> 800
